"Local Authority"	"LA Code"	"2010"	"2011"	"2012"	"2013"	"2014"	"2015"	"2016"	"2017"	"2018"
"Aberdeen City"	"S12000033"	0.132879059025069	0.129486739171914	0.125952688826348	0.122923060641338	0.119431415212956	0.115118577075099	0.110388981946771	0.105888460397508	0.100754114194435
"Aberdeenshire"	"S12000034"	0.149624122139693	0.146010351118889	0.142379402189997	0.138217906338116	0.131980140827563	0.125993577168432	0.121477141203704	0.11717714516222	0.112680504119657
"Angus"	"S12000041"	0.176422800920702	0.174037797073581	0.170754023609174	0.166694102330036	0.161760541338143	0.155626663476779	0.149113488441685	0.142643540669856	0.135702746365105
"Argyll and Bute"	"S12000035"	0.272519727265763	0.27078497251069	0.268515701071081	0.26443556595318	0.26049339766763	0.255832602051623	0.250771698341605	0.245298731187354	0.240073462449153
"City of Edinburgh"	"S12000036"	0.155530105189443	0.15207935459041	0.149832112773902	0.14718454153598	0.145107207458408	0.141929934313419	0.137449707065716	0.132942733869386	0.128478577045393
"Clackmannanshire"	"S12000005"	0.113304232302145	0.111292341539279	0.108609271523179	0.101147067760559	0.098851007722735	0.0959692898272553	0.090558261521169	0.0858708210651858	0.0814493076437614
"Dumfries and Galloway"	"S12000006"	0.230853522257543	0.224554403920378	0.220189055589281	0.215761965691484	0.211981914091937	0.206317718721363	0.199669984793417	0.193091977362077	0.18664100262768
"Dundee City"	"S12000042"	0.202458047230087	0.196605744125326	0.186981387814473	0.179868572950892	0.171663006276547	0.164566743943823	0.156246133774224	0.149168528170762	0.143531719780094
"East Ayrshire"	"S12000008"	0.065041825217154	0.0632575394160351	0.0612938754010439	0.0595278003927015	0.0578873953842252	0.0551389152585279	0.0530092738628478	0.0500456247443441	0.047401116615554
"East Dunbartonshire"	"S12000045"	0.0912063433674616	0.0894788393257968	0.0876794549436288	0.086194715274834	0.0845668502754131	0.0828918542123083	0.0804543116071075	0.0771841212216873	0.0747535059119299
"East Lothian"	"S12000010"	0.145624284300215	0.14330026009055	0.140659509497014	0.138166711337443	0.135999695707575	0.132187169011953	0.128116278634176	0.122881590862888	0.118117277754458
"East Renfrewshire"	"S12000011"	0.118230915194862	0.115098860143753	0.11329490920491	0.110669652531966	0.109841239479725	0.106777205026486	0.104154393571647	0.100225542712151	0.097123733295888
"Falkirk"	"S12000014"	0.140697788456823	0.139110173110002	0.137435698340289	0.134293899358145	0.131115951742627	0.126569299552906	0.120785783767112	0.115904494979955	0.111056128941043
"Fife"	"S12000047"	0.109555605285482	0.10703794052006	0.10410258003708	0.101522973937695	0.0996364532626779	0.0965298942502403	0.0924728993841926	0.0881393369538786	0.0839562792952966
"Glasgow City"	"S12000049"	0.21841763870405	0.212961404689779	0.207760069594007	0.199163395437166	0.194803767085639	0.187115862291135	0.178912011228515	0.174478131002445	0.169488617506595
"Highland"	"S12000017"	0.247213299965187	0.24552810485688	0.242969592268825	0.238688384277211	0.23428508831281	0.228617162840631	0.221556886227545	0.216059999616371	0.210341688259599
"Inverclyde"	"S12000018"	0.210339927860968	0.205732930407743	0.198396527285613	0.189187378575735	0.18601906288972	0.180866232956065	0.173474398464354	0.16537051935282	0.158516625187776
"Midlothian"	"S12000019"	0.0688387423935091	0.066726735746108	0.064128901319209	0.062533692722372	0.0609929762738046	0.0580109185853311	0.0552474552474552	0.0524452875584139	0.0495871538707176
"Moray"	"S12000020"	0.137685600743392	0.136818709309416	0.135609145004698	0.133197961614308	0.130775497536564	0.127589735668359	0.122663439186982	0.118542603041025	0.11385770645524
"Na h-Eileanan Siar"	"S12000013"	0.258359405553383	0.257955150869376	0.262145748987854	0.259756508348973	0.256822447899119	0.252358944733295	0.246977463971371	0.241527885360186	0.233415829572475
"North Ayrshire"	"S12000021"	0.142232516982016	0.139235407245699	0.136613799294813	0.13469462027373	0.132079123601595	0.128824787977212	0.124500579971646	0.120169906036813	0.116234907681846
"North Lanarkshire"	"S12000050"	0.135256012931296	0.131677297038639	0.127747393866143	0.124962337145819	0.122701917385612	0.118343019101605	0.112912688676729	0.106221744827016	0.10092061123416
"Orkney Islands"	"S12000023"	0.357250755287009	0.362199864205913	0.362727161849006	0.363130855243276	0.361906476979411	0.359615614181688	0.35897130610787	0.355271716634143	0.351076413532056
"Perth and Kinross"	"S12000048"	0.198575071761033	0.195985966830691	0.191509423245141	0.18417043723426	0.17667656324366	0.169554637541735	0.164617278095819	0.159230578754249	0.153415025889277
"Renfrewshire"	"S12000038"	0.157900277941548	0.154186829370924	0.151355841315571	0.147117191847706	0.14416640600563	0.139590241468561	0.133382941121756	0.127468230694037	0.12214739036679
"Scottish Borders"	"S12000026"	0.230069504056711	0.226632345207451	0.223097874929141	0.219313530257772	0.215805888737755	0.21138345348438	0.204366032813894	0.196965952773202	0.190686691743774
"Shetland Islands"	"S12000027"	0.451458885941645	0.45003963011889	0.448780744720072	0.445689745469781	0.443236212278876	0.44096122904448	0.438405797101449	0.434488107549121	0.431272011601409
"South Ayrshire"	"S12000028"	0.12495233858668	0.122906088359512	0.120423983546907	0.118272435745541	0.115697656077479	0.111695096619878	0.106767035207402	0.102505837551519	0.0979671043365311
"South Lanarkshire"	"S12000029"	0.176105876692389	0.17379428135353	0.170430107526882	0.166585246702491	0.161779236255412	0.154286055753085	0.146261029739446	0.139988763048171	0.133512218607983
"Stirling"	"S12000030"	0.160515474807225	0.156662400604242	0.152745779751183	0.148246512892365	0.144386466227689	0.139911513530199	0.13490666448338	0.130682630815438	0.125550211933485
"West Dunbartonshire"	"S12000039"	0.13946652366482	0.135435071767485	0.130757741710644	0.125027479665048	0.123027138631355	0.119154337392408	0.115293138304198	0.111408040857533	0.107652707652708
"West Lothian"	"S12000040"	0.0749458186529125	0.0733201723764355	0.0720154258886653	0.0705800973189581	0.069474777763349	0.067357634177156	0.064313761936848	0.0613307172947083	0.0584341344065122
"(unallocated)"	""	0.120969327565867	0.114912155406371	0.110291737944426	0.104792077453087	0.0983754512635379	0.0923853453816779	0.0872764340654249	0.0844908463686641	0.082034230895018
"Scotland Total*"	"S92000003"	0.168154654882626	0.16483151056722	0.161341994310148	0.157059529596159	0.153419754760297	0.148364131486839	0.142708057065368	0.137674296323224	0.132712366318552
